15 15
0.764238827212248006404138322978 -48.641336616003172821365296840668 978.970511440362315624952316284180 -8453.186449423432350158691406250000 29449.258613586425781250000000000000 30879.080688476562500000000000000000 -651445.994140625000000000000000000000 2546605.839843750000000000000000000000 -5077311.281250000000000000000000000000 5202265.574218750000000000000000000000 -1070032.312500000000000000000000000000 -3788937.066406250000000000000000000000 4653493.082031250000000000000000000000 -2312736.506347656250000000000000000000 445292.579359171155374497175216674805
-48.641336616003172821365296840668 4760.143282816893588460516184568405 -99676.062788264360278844833374023438 640352.357674777507781982421875000000 1534266.055099487304687500000000000000 -41910526.244140625000000000000000000000 248364229.492187500000000000000000000000 -771569436.687500000000000000000000000000 1380642659.281250000000000000000000000000 -1281820197.171875000000000000000000000000 99989783.062500000000000000000000000000 1155167008.484375000000000000000000000000 -1297524986.671875000000000000000000000000 624853410.760742187500000000000000000000 -118271608.614852502942085266113281250000
978.970511440362315624952316284180 -99676.062788264360278844833374023438 1617468.986064121359959244728088378906 4459552.228196978569030761718750000000 -285834088.743957519531250000000000000000 2748832166.824218750000000000000000000000 -13326314777.093750000000000000000000000000 37914896896.687500000000000000000000000000 -64165434889.875000000000000000000000000000 55904504330.625000000000000000000000000000 784572439.500000000000000000000000000000 -57373482792.437500000000000000000000000000 61339722219.500000000000000000000000000000 -28969432153.726562500000000000000000000000 5421992772.406250000000000000000000000000
-8453.186449423432350158691406250000 640352.357674777507781982421875000000 4459552.228196978569030761718750000000 -513710120.488329768180847167968750000000 8229840873.773101806640625000000000000000 -62815338374.710937500000000000000000000000 276164429502.281250000000000000000000000000 -742971323296.375000000000000000000000000000 1205302547938.250000000000000000000000000000 -991769875105.125000000000000000000000000000 -104444251293.250000000000000000000000000000 1142252369966.250000000000000000000000000000 -1173324645657.875000000000000000000000000000 544818371367.671875000000000000000000000000 -100933515236.057418823242187500000000000000
29449.258613586425781250000000000000 1534266.055099487304687500000000000000 -285834088.743957519531250000000000000000 8229840873.773101806640625000000000000000 -103137458302.107955932617187500000000000000 708223513121.919921875000000000000000000000 -2933452153141.656250000000000000000000000000 7578120888321.000000000000000000000000000000 -11865513286321.000000000000000000000000000000 9226749276883.000000000000000000000000000000 1893693082432.000000000000000000000000000000 -11917010442816.000000000000000000000000000000 11812442283608.500000000000000000000000000000 -5398300545249.875000000000000000000000000000 990239345227.150146484375000000000000000000
30879.080688476562500000000000000000 -41910526.244140625000000000000000000000 2748832166.824218750000000000000000000000 -62815338374.710937500000000000000000000000 708223513121.919921875000000000000000000000 -4574069507146.495117187500000000000000000000 18180417377549.781250000000000000000000000000 -45478043588066.750000000000000000000000000000 68944522713817.500000000000000000000000000000 -50419110035299.000000000000000000000000000000 -16468147034694.000000000000000000000000000000 73887472645735.000000000000000000000000000000 -70775425952144.000000000000000000000000000000 31835449586692.875000000000000000000000000000 -5781181739531.997070312500000000000000000000
-651445.994140625000000000000000000000 248364229.492187500000000000000000000000 -13326314777.093750000000000000000000000000 276164429502.281250000000000000000000000000 -2933452153141.656250000000000000000000000000 18180417377549.781250000000000000000000000000 -70000770073080.882812500000000000000000000000 170231797325797.500000000000000000000000000000 -249732618705062.000000000000000000000000000000 169199160795283.000000000000000000000000000000 84269744380249.000000000000000000000000000000 -290609604462862.000000000000000000000000000000 268562275420716.000000000000000000000000000000 -118762018600649.000000000000000000000000000000 21331984243962.250000000000000000000000000000
2546605.839843750000000000000000000000 -771569436.687500000000000000000000000000 37914896896.687500000000000000000000000000 -742971323296.375000000000000000000000000000 7578120888321.000000000000000000000000000000 -45478043588066.750000000000000000000000000000 170231797325797.500000000000000000000000000000 -402189644589791.187500000000000000000000000000 566864151118072.000000000000000000000000000000 -340911059512790.000000000000000000000000000000 -276116578589348.000000000000000000000000000000 745803074708380.000000000000000000000000000000 -660495133776818.000000000000000000000000000000 286140718099599.000000000000000000000000000000 -50721579549099.257812500000000000000000000000
-5077311.281250000000000000000000000000 1380642659.281250000000000000000000000000 -64165434889.875000000000000000000000000000 1205302547938.250000000000000000000000000000 -11865513286321.000000000000000000000000000000 68944522713817.500000000000000000000000000000 -249732618705062.000000000000000000000000000000 566864151118072.000000000000000000000000000000 -745824384374982.625000000000000000000000000000 333763865455338.875000000000000000000000000000 602634238966314.000000000000000000000000000000 -1240329026605322.000000000000000000000000000000 1033109119370242.000000000000000000000000000000 -434182238880851.250000000000000000000000000000 75475375140167.484375000000000000000000000000
5202265.574218750000000000000000000000 -1281820197.171875000000000000000000000000 55904504330.625000000000000000000000000000 -991769875105.125000000000000000000000000000 9226749276883.000000000000000000000000000000 -50419110035299.000000000000000000000000000000 169199160795283.000000000000000000000000000000 -340911059512790.000000000000000000000000000000 333763865455338.875000000000000000000000000000 136231848996047.750000000000000000000000000000 -887226145453173.000000000000000000000000000000 1248204306382138.750000000000000000000000000000 -917663977893325.000000000000000000000000000000 360421621819466.625000000000000000000000000000 -59890119475005.632812500000000000000000000000
-1070032.312500000000000000000000000000 99989783.062500000000000000000000000000 784572439.500000000000000000000000000000 -104444251293.250000000000000000000000000000 1893693082432.000000000000000000000000000000 -16468147034694.000000000000000000000000000000 84269744380249.000000000000000000000000000000 -276116578589348.000000000000000000000000000000 602634238966314.000000000000000000000000000000 -887226145453173.000000000000000000000000000000 871523546004220.125000000000000000000000000000 -548135482142626.250000000000000000000000000000 200207729483417.375000000000000000000000000000 -32704645971993.476562500000000000000000000000 225606016048.296875000000000000000000000000
-3788937.066406250000000000000000000000 1155167008.484375000000000000000000000000 -57373482792.437500000000000000000000000000 1142252369966.250000000000000000000000000000 -11917010442816.000000000000000000000000000000 73887472645735.000000000000000000000000000000 -290609604462862.000000000000000000000000000000 745803074708380.000000000000000000000000000000 -1240329026605322.000000000000000000000000000000 1248204306382138.750000000000000000000000000000 -548135482142626.250000000000000000000000000000 -265360027632696.093750000000000000000000000000 500233343342395.500000000000000000000000000000 -264346414659514.687500000000000000000000000000 51483342554812.031250000000000000000000000000
4653493.082031250000000000000000000000 -1297524986.671875000000000000000000000000 61339722219.500000000000000000000000000000 -1173324645657.875000000000000000000000000000 11812442283608.500000000000000000000000000000 -70775425952144.000000000000000000000000000000 268562275420716.000000000000000000000000000000 -660495133776818.000000000000000000000000000000 1033109119370242.000000000000000000000000000000 -917663977893325.000000000000000000000000000000 200207729483417.375000000000000000000000000000 500233343342395.500000000000000000000000000000 -594391961288459.375000000000000000000000000000 282928570909006.375000000000000000000000000000 -52413707010515.140625000000000000000000000000
-2312736.506347656250000000000000000000 624853410.760742187500000000000000000000 -28969432153.726562500000000000000000000000 544818371367.671875000000000000000000000000 -5398300545249.875000000000000000000000000000 31835449586692.875000000000000000000000000000 -118762018600649.000000000000000000000000000000 286140718099599.000000000000000000000000000000 -434182238880851.250000000000000000000000000000 360421621819466.625000000000000000000000000000 -32704645971993.476562500000000000000000000000 -264346414659514.687500000000000000000000000000 282928570909006.375000000000000000000000000000 -130092738746701.750000000000000000000000000000 23643526552121.816406250000000000000000000000
445292.579359171155374497175216674805 -118271608.614852502942085266113281250000 5421992772.406250000000000000000000000000 -100933515236.057418823242187500000000000000 990239345227.150146484375000000000000000000 -5781181739531.997070312500000000000000000000 21331984243962.250000000000000000000000000000 -50721579549099.257812500000000000000000000000 75475375140167.484375000000000000000000000000 -59890119475005.632812500000000000000000000000 225606016048.296875000000000000000000000000 51483342554812.031250000000000000000000000000 -52413707010515.140625000000000000000000000000 23643526552121.816406250000000000000000000000 -4247856877887.609375000000000000000000000000

